A
29 28 25 22 21 18 15 14 11 8 6 4 0 0 0 0 0 0 2 4 6 9 11 14 17 18 21 24 25 28 12 12 11 11 10 10 9 9 9 8 8 7 7 7 6 6 6 5 4 4 4 3 3 3 2 1 1 1 0 0 0 0 0 0 0 1 3 5 7 7 7 7 7 7 7 7 7 7 7 7 7 7 7 5 2 1 0 0 0 0 12 12 12 12 11 11 10 10 9 9 9 8 8 8 7 6 6 6 5 5 5 4 3 3 3 2 2 2 1 0 
B
0 0 0 0 0 0 0 0 0 0 0 0 0 0 0 0 0 0 0 0 1 1 1 2 2 3 3 4 5 18 10 7 5 3 2 1 1 1 1 1 2 2 3 4 7 4 3 1 0 0 0 0 0 0 0 0 1 2 3 6 0 0 0 0 0 0 0 0 0 0 0 0 0 0 0 0 0 0 0 0 0 0 0 0 1 1 1 2 3 4 0 0 0 0 0 0 0 0 0 0 0 0 0 0 0 0 0 0 0 0 0 0 0 0 0 0 0 0 0 0 
C
12 9 8 6 5 4 4 3 3 2 2 1 1 1 0 0 0 0 0 0 0 0 0 0 1 1 2 2 2 3 6 4 1 0 0 0 0 21 22 23 23 23 23 24 24 24 24 24 23 23 23 23 22 21 0 0 0 0 1 4 11 8 7 5 4 3 3 2 2 1 1 0 0 0 0 0 0 0 0 0 0 0 0 0 0 0 1 1 1 2 14 11 9 7 5 4 3 3 2 1 1 1 0 0 0 0 0 0 0 1 1 1 2 3 3 4 5 7 9 11 
D
0 0 0 0 0 0 0 0 0 0 0 0 0 0 0 0 1 1 1 2 2 2 2 3 3 4 5 6 6 9 14 11 7 5 4 3 1 1 1 0 0 0 0 0 0 0 0 0 0 0 0 0 1 1 2 3 4 5 7 11 0 0 0 0 0 0 0 0 0 0 0 0 0 0 0 0 0 0 0 1 1 1 1 2 2 3 4 5 6 8 0 0 0 0 0 0 0 0 0 0 0 0 0 0 0 0 0 0 0 0 0 0 0 0 0 0 0 0 0 0 
E
0 0 0 0 0 0 0 0 0 0 0 0 0 0 0 0 0 0 0 0 0 0 0 0 0 0 0 0 0 0 0 0 0 0 24 24 24 24 24 24 24 24 24 1 1 1 24 24 24 24 24 24 24 24 24 24 24 0 0 0 0 0 0 0 0 0 0 0 0 0 0 0 0 0 0 0 0 0 0 0 0 0 0 0 0 0 0 0 0 0 0 0 0 0 0 0 0 0 0 0 0 0 0 0 0 0 0 0 0 0 0 0 0 0 0 0 0 0 0 0 
F
0 0 0 0 0 0 0 0 0 0 0 0 0 0 0 0 0 0 0 0 0 0 0 0 0 0 0 0 0 0 0 0 0 0 23 23 23 23 23 23 23 23 23 1 1 1 23 23 23 23 23 23 23 23 23 23 23 23 23 23 0 0 0 0 0 0 0 14 14 14 14 14 14 14 14 14 14 14 14 14 14 14 14 14 14 14 14 14 14 26 0 0 0 0 0 0 0 0 0 0 0 0 0 0 0 0 0 0 0 0 0 0 0 0 0 0 0 0 0 0 
G
12 9 7 6 5 4 3 3 2 2 2 1 1 1 0 0 0 0 0 0 0 0 1 1 1 2 2 2 2 3 8 5 1 0 0 0 0 22 23 23 24 24 24 25 25 0 0 0 0 0 0 0 0 0 0 0 0 0 2 5 11 8 6 5 4 3 2 2 1 1 1 0 0 0 0 0 0 0 0 0 0 0 0 0 0 1 1 1 2 2 14 11 8 6 5 4 3 2 2 1 1 1 0 0 0 0 0 0 0 1 1 1 2 2 3 4 5 6 8 11 
H
0 0 0 0 0 13 13 13 13 13 13 13 13 13 13 13 13 13 13 13 13 13 13 13 13 0 0 0 0 0 0 0 0 0 0 0 0 0 0 0 0 0 0 0 0 0 0 0 0 0 0 0 0 0 0 0 0 0 0 0 0 0 0 0 0 14 14 14 14 14 14 14 14 14 14 14 14 14 14 14 14 14 14 14 14 0 0 0 0 0 0 0 0 0 0 0 0 0 0 0 0 0 0 0 0 0 0 0 0 0 0 0 0 0 0 0 0 0 0 0 
I
0 0 0 0 0 0 0 0 0 0 0 0 0 0 0 0 0 0 0 0 0 0 0 0 0 0 0 0 0 0 0 0 0 0 0 0 0 0 0 0 0 0 0 0 0 0 0 0 0 0 0 0 0 0 0 0 0 0 0 0 0 0 0 0 0 0 0 0 0 0 0 0 0 0 0 0 0 0 0 0 0 0 0 0 0 0 0 0 0 0 0 0 0 0 0 0 0 0 0 0 0 0 0 0 0 0 0 0 0 0 0 0 0 0 0 0 0 0 0 0 
J
28 28 28 28 28 28 28 28 28 27 27 27 27 27 27 26 26 25 25 0 0 0 0 0 0 0 0 0 0 0 0 0 0 0 0 0 0 0 0 0 0 0 0 0 0 0 0 0 0 0 0 0 0 0 0 0 1 3 5 8 0 0 0 0 0 0 0 0 0 0 0 0 0 0 0 0 0 0 0 0 0 0 1 1 1 2 2 3 3 4 19 19 19 19 19 19 19 19 19 19 19 19 19 19 19 19 19 19 19 19 19 19 19 19 19 17 15 9 0 0 
K
0 0 0 0 0 13 12 11 11 10 9 9 8 7 6 5 5 4 3 3 2 1 0 0 0 0 0 0 0 29 1 2 3 5 6 8 9 10 11 13 15 16 18 18 20 18 17 16 14 13 12 11 9 8 6 6 4 3 2 0 0 0 0 0 0 14 13 12 12 11 10 9 8 8 7 6 6 4 4 3 2 1 1 0 0 0 0 0 0 0 0 0 0 0 0 0 0 0 0 0 0 0 0 0 0 0 0 0 0 0 0 0 0 0 0 0 0 0 0 0 
L
0 0 0 0 0 0 0 27 27 27 27 27 27 27 27 27 27 27 27 27 27 27 27 27 27 27 27 27 27 27 23 23 23 23 23 23 23 23 23 23 23 23 23 23 23 23 23 23 23 23 23 23 23 23 23 23 23 0 0 0 0 0 0 0 0 0 0 0 0 0 0 0 0 0 0 0 0 0 0 0 0 0 0 0 0 0 0 0 0 0 0 0 0 0 0 0 0 0 0 0 0 0 0 0 0 0 0 0 0 0 0 0 0 0 0 0 0 0 0 0 
M
0 0 0 0 0 0 0 1 4 7 9 11 15 16 18 20 18 16 13 11 9 5 4 1 0 0 0 0 0 0 0 0 0 0 0 0 0 0 0 0 0 0 0 0 0 0 0 0 0 0 0 0 0 0 0 0 0 0 0 0 0 0 0 0 0 24 21 20 17 14 13 9 7 6 6 6 6 6 8 9 13 15 17 20 22 24 0 0 0 0 0 0 0 0 0 0 0 0 0 0 0 0 0 0 0 0 0 0 0 0 0 0 0 0 0 0 0 0 0 0 
N
0 0 0 0 0 0 0 0 1 3 4 6 8 9 11 12 12 15 16 17 19 20 22 23 24 0 0 0 0 0 0 0 0 0 0 0 0 0 0 0 0 0 0 0 0 0 0 0 0 0 0 0 0 0 0 0 0 0 0 0 0 0 0 0 0 0 23 22 21 19 18 16 15 14 12 11 10 8 7 6 3 2 0 0 0 0 0 0 0 0 0 0 0 0 0 0 0 0 0 0 0 0 0 0 0 0 0 0 0 0 0 0 0 0 0 0 0 0 0 0 
O
12 9 7 5 5 4 3 3 2 2 1 1 0 0 0 0 0 0 0 1 1 2 2 3 3 4 5 5 7 9 11 9 7 5 4 2 2 1 1 0 0 0 0 0 0 0 0 0 0 0 0 0 1 1 2 2 4 5 7 9 11 8 6 4 4 3 2 2 1 1 0 0 0 0 0 0 0 0 0 0 0 1 1 2 2 3 4 4 6 8 12 10 8 6 5 3 3 2 2 1 1 1 0 0 0 0 0 0 0 1 1 1 2 2 3 3 5 6 8 10 
P
0 0 0 0 0 0 0 0 0 0 0 0 0 0 0 0 0 0 0 0 1 1 1 2 2 2 3 3 4 5 10 7 4 2 1 0 0 0 0 0 0 0 0 0 1 2 4 7 24 24 24 24 24 24 24 24 24 24 24 24 0 0 0 0 0 0 12 12 12 12 12 12 12 12 12 12 12 12 12 12 12 12 12 13 13 13 14 14 15 16 0 0 0 0 0 0 0 0 0 0 0 0 0 0 0 0 0 0 0 0 0 0 0 0 0 0 0 0 0 0 
Q
10 8 6 5 4 3 2 2 2 1 1 1 0 0 0 0 0 0 0 1 1 1 2 2 2 3 4 5 6 8 11 8 5 4 3 2 1 1 0 0 0 0 0 0 0 0 0 0 0 1 2 2 3 4 6 8 7 6 5 4 13 11 9 8 7 6 5 5 5 5 4 4 4 4 4 4 4 4 3 2 0 0 0 0 0 0 7 8 10 11 12 9 6 5 4 3 2 2 1 1 0 0 0 0 0 0 0 1 1 2 2 3 4 5 6 10 18 19 20 20 
R
0 0 0 0 0 0 0 0 0 0 0 0 0 0 0 0 0 1 1 2 2 2 3 4 5 23 24 25 27 28 13 11 8 7 6 5 5 5 5 5 5 5 5 6 7 8 11 9 7 7 6 5 5 4 3 2 2 1 0 0 0 0 0 0 0 12 12 12 12 12 12 12 12 12 12 11 11 10 9 8 6 4 3 1 0 0 0 0 0 0 0 0 0 0 0 0 0 0 0 0 0 0 0 0 0 0 0 0 0 0 0 0 0 0 0 0 0 0 0 0 
S
6 5 4 4 3 2 2 2 1 1 0 0 0 0 0 0 0 0 0 0 0 1 1 1 1 2 2 2 17 18 9 5 2 2 2 2 23 23 23 23 23 22 19 12 6 4 3 1 0 0 0 0 0 0 0 0 1 3 4 7 1 1 1 1 0 0 0 0 0 0 0 0 0 0 0 0 0 0 0 0 0 0 0 1 1 1 2 3 3 4 10 8 5 4 2 1 0 0 0 0 0 1 1 3 4 7 11 19 22 24 24 24 24 24 24 0 0 0 0 4 
T
0 0 0 0 0 0 0 0 0 0 0 0 0 0 0 0 0 0 0 0 0 0 0 0 0 0 0 0 0 0 0 0 0 0 12 12 12 12 12 12 12 12 12 12 12 12 12 12 12 12 12 12 12 12 12 12 12 12 12 12 26 26 26 26 26 26 26 26 26 26 26 26 26 0 0 0 0 0 26 26 26 26 26 26 26 26 26 26 26 26 0 0 0 0 13 13 13 13 13 13 13 13 13 13 13 13 13 13 13 13 13 13 13 13 13 13 13 13 13 13 
U
0 0 0 0 0 21 24 25 26 26 27 27 27 27 27 27 27 27 27 27 26 26 26 25 24 0 0 0 0 0 0 0 0 0 0 0 0 0 0 0 0 0 0 0 0 0 0 0 0 0 0 0 0 0 0 1 2 3 5 7 8 5 4 3 2 1 1 1 0 0 0 0 0 0 0 0 0 0 0 0 0 0 0 1 1 2 2 3 4 5 0 0 0 0 0 0 0 0 0 0 0 0 0 0 0 0 0 0 0 0 0 0 1 1 1 2 3 4 5 8 
V
0 0 0 0 0 1 4 6 9 12 13 16 19 21 23 25 23 21 18 16 13 10 9 6 3 2 0 0 0 0 0 0 0 1 1 1 2 3 3 3 4 4 4 5 6 6 6 7 7 7 8 8 9 9 10 10 10 11 11 12 28 27 24 21 20 17 14 13 10 7 6 3 0 0 0 0 0 0 1 3 6 8 10 13 16 17 20 23 24 27 0 0 1 2 2 2 3 3 3 4 5 5 5 6 6 6 7 8 8 8 9 9 9 10 11 11 11 12 12 12 
W
0 0 0 0 5 9 14 21 25 22 16 11 6 2 0 0 0 2 6 11 18 22 25 21 14 9 4 0 0 0 0 0 0 0 0 0 1 1 1 1 1 2 2 2 2 3 3 3 3 3 3 4 4 4 4 4 5 5 5 5 28 24 19 15 9 4 0 0 0 0 1 5 10 14 21 25 21 14 10 5 0 0 0 0 0 4 9 15 19 24 0 0 1 1 1 1 2 2 2 2 2 3 3 3 3 4 4 4 4 4 4 5 5 5 5 5 6 6 6 6 
X
30 29 0 0 0 0 0 0 2 4 5 6 7 9 10 11 10 10 8 7 5 5 3 2 0 0 0 0 0 0 0 1 1 3 3 4 5 5 7 7 8 9 10 10 11 11 10 10 8 8 7 7 5 5 4 3 3 1 1 0 30 0 0 0 0 0 1 2 3 5 6 7 8 10 11 12 10 10 8 7 6 5 3 1 1 0 0 0 0 0 2 2 3 4 5 6 7 7 8 9 10 11 11 12 13 12 11 11 9 9 8 8 6 6 5 4 4 2 2 1 
Y
0 0 0 0 0 0 2 3 4 5 7 8 9 10 12 12 11 10 9 8 6 5 3 3 1 0 0 0 0 0 0 0 1 2 3 4 4 5 6 7 8 8 10 10 11 12 12 12 12 12 12 12 12 12 12 12 12 12 12 12 29 28 26 26 24 23 21 21 19 18 16 16 14 0 0 0 0 0 15 16 18 18 20 21 22 23 25 26 27 28 0 1 2 2 4 4 5 6 6 8 8 9 10 10 12 12 13 13 13 13 13 13 13 13 13 13 13 13 13 13 
Z
27 0 0 0 0 0 0 0 0 0 0 0 0 0 0 0 0 0 0 0 0 0 0 0 0 0 0 0 0 0 0 0 0 0 1 2 4 4 5 6 7 8 9 10 11 12 13 14 15 16 17 18 19 20 21 22 22 0 0 0 0 0 0 0 0 0 0 0 0 0 0 0 0 0 0 0 0 0 0 0 0 0 0 0 0 0 0 0 0 0 1 1 1 1 22 22 20 20 19 18 17 16 14 14 13 12 11 10 9 8 7 6 5 4 3 2 1 0 0 0 
a
18 17 16 3 2 2 1 1 1 1 0 0 0 0 0 0 0 0 0 0 1 1 1 2 3 3 3 5 5 7 10 7 6 3 3 1 1 0 0 0 0 0 0 0 0 0 0 0 0 0 0 0 0 0 0 0 0 0 0 0 6 4 3 2 2 1 0 0 0 0 0 0 0 0 0 0 0 0 0 1 1 2 2 3 0 0 0 0 0 0 10 6 4 3 3 3 3 24 24 24 24 24 7 6 3 3 2 1 0 0 0 0 0 0 1 1 2 3 5 6 
b
0 0 0 0 0 0 11 11 10 9 9 9 9 8 8 8 8 8 8 8 8 9 9 9 10 10 11 12 13 14 24 24 24 24 24 24 24 24 9 6 4 3 2 1 0 0 0 0 0 0 0 0 0 0 0 1 2 4 5 8 0 0 0 0 0 0 3 2 2 1 1 0 0 0 0 0 0 0 0 0 0 0 1 1 1 2 3 3 4 5 0 0 0 0 0 0 0 0 0 0 0 0 0 0 0 0 0 0 0 0 0 0 0 0 0 0 0 0 0 0 
c
11 9 7 6 5 5 4 3 3 2 2 1 1 1 0 0 0 0 0 0 0 0 0 0 0 1 1 1 2 2 5 2 0 0 0 0 0 20 20 21 22 22 23 23 23 23 23 23 23 22 22 21 20 20 0 0 0 0 0 2 10 8 6 5 4 3 3 2 2 1 1 0 0 0 0 0 0 0 0 0 0 0 0 0 0 0 0 0 1 1 14 11 9 7 6 4 3 2 2 1 1 0 0 0 0 0 0 0 0 0 1 1 2 2 3 4 5 7 9 11 
d
16 14 13 12 11 10 10 9 9 9 8 8 8 8 8 8 8 8 9 9 9 9 10 11 11 0 0 0 0 0 0 0 0 0 0 0 0 0 0 0 0 0 0 0 0 0 0 0 0 0 0 0 0 0 0 0 0 0 0 0 7 5 4 3 3 2 1 1 1 0 0 0 0 0 0 0 0 0 0 0 1 1 2 2 3 0 0 0 0 0 25 25 25 25 25 25 25 25 10 7 5 4 3 2 1 1 0 0 0 0 0 0 0 1 1 2 3 5 6 9 
e
12 9 7 6 5 4 3 3 2 1 1 1 0 0 0 0 0 0 0 0 1 1 1 2 3 3 4 5 6 8 10 7 6 4 3 2 1 1 0 0 0 0 0 0 0 0 0 24 24 23 23 22 22 22 1 1 1 1 3 5 10 8 6 5 4 3 2 2 1 1 0 0 0 0 0 0 0 0 0 0 0 0 0 0 0 1 1 2 2 13 12 9 8 6 5 4 3 2 2 1 1 1 0 0 0 0 0 0 0 0 1 1 2 2 3 4 5 6 8 10 
f
9 9 9 9 9 9 9 5 5 3 3 2 2 1 1 1 1 0 0 0 0 0 0 0 0 0 0 0 0 0 0 0 0 0 13 15 15 15 15 2 2 2 15 15 15 15 15 15 15 15 15 15 15 15 15 15 15 15 15 15 18 18 18 18 18 18 18 0 0 0 0 0 0 0 0 18 18 18 18 18 18 18 18 18 18 18 18 18 26 26 17 13 11 9 9 7 7 7 7 0 0 0 7 7 7 7 7 7 7 7 7 7 7 7 7 7 7 7 7 7 
g
8 6 5 4 4 3 2 2 2 1 0 0 0 0 0 0 0 0 1 1 2 2 3 3 4 1 1 1 1 1 12 0 0 0 0 0 0 0 0 0 0 0 0 0 0 0 0 0 0 0 0 0 0 0 0 1 2 3 4 8 15 13 12 11 11 0 0 0 0 0 0 0 0 0 0 0 0 0 0 0 0 0 1 1 1 1 2 3 4 5 10 9 6 5 3 2 1 1 0 0 0 0 0 0 0 1 1 2 3 5 6 9 24 24 23 22 5 5 5 5 
h
0 0 0 0 0 0 0 12 10 10 9 9 9 9 9 8 8 8 8 8 8 8 8 9 9 9 10 10 12 12 23 23 23 23 23 23 23 23 7 4 2 2 0 0 0 0 0 0 0 0 0 0 0 0 0 0 0 0 0 0 0 0 0 0 0 0 0 14 16 17 17 18 18 18 18 18 18 18 18 18 18 17 17 15 0 0 0 0 0 0 0 0 0 0 0 0 0 0 0 0 0 0 0 0 0 0 0 0 0 0 0 0 0 0 0 0 0 0 0 0 
i
0 0 0 0 0 0 0 0 0 0 0 0 0 0 0 0 0 0 0 0 0 0 0 0 0 0 0 0 0 0 0 0 0 0 0 30 30 30 30 0 0 0 0 0 0 0 0 0 0 0 0 0 0 0 0 0 0 0 0 0 0 0 0 0 0 0 0 0 0 0 0 0 0 0 0 0 0 0 0 0 0 0 0 0 0 0 0 0 0 0 0 0 0 0 0 30 30 30 30 0 0 0 0 0 0 0 0 0 0 0 0 0 0 0 0 0 0 0 0 0 
j
28 28 28 28 28 28 28 28 28 28 28 28 27 27 26 26 0 0 0 0 0 0 0 0 0 0 0 0 0 0 0 0 0 0 30 30 30 0 0 0 0 0 0 0 0 0 0 0 0 0 0 0 0 0 0 0 0 2 4 8 0 0 0 0 0 0 0 0 0 0 0 0 0 0 0 0 0 0 0 0 0 0 1 1 1 1 2 2 3 3 16 16 16 16 30 30 30 16 16 16 16 16 16 16 16 16 16 16 16 16 16 16 16 16 16 16 14 12 0 0 
k
0 0 0 0 0 0 18 17 17 17 16 15 15 14 14 13 12 12 11 11 10 9 9 9 9 9 9 9 9 29 24 24 24 24 24 24 24 24 24 1 4 5 6 8 10 12 14 15 18 17 15 15 13 11 10 7 5 4 2 0 0 0 0 0 0 0 10 10 9 8 7 7 6 6 5 4 4 3 3 2 1 1 0 0 0 0 0 0 0 0 0 0 0 0 0 0 0 0 0 0 0 0 0 0 0 0 0 0 0 0 0 0 0 0 0 0 0 0 0 0 
l
0 0 0 0 0 0 0 0 0 0 0 0 0 0 0 0 0 0 0 0 0 0 0 0 0 0 0 0 0 0 0 0 0 0 0 0 0 0 0 0 0 0 0 0 0 0 0 0 0 0 0 0 0 0 0 0 0 0 0 0 0 0 0 0 0 0 0 0 0 0 0 0 0 0 0 0 0 0 0 0 0 0 0 0 0 0 0 0 0 0 0 0 0 0 0 0 0 0 0 0 0 0 0 0 0 0 0 0 0 0 0 0 0 0 0 0 0 0 0 0 
m
1 1 1 1 5 3 2 1 0 0 0 0 0 1 2 3 6 5 3 2 1 0 0 0 0 0 1 2 3 6 4 3 2 1 1 1 0 0 0 0 0 0 0 0 0 0 0 0 0 0 0 0 0 0 0 0 0 0 0 0 0 0 0 0 19 22 24 25 25 25 25 25 24 20 0 0 0 19 22 24 25 25 25 25 25 24 20 0 0 0 8 0 0 0 0 0 0 0 0 0 0 0 0 0 0 0 0 0 0 0 0 0 0 0 0 0 0 0 0 0 
n
1 1 1 1 1 1 1 5 3 3 2 2 1 1 1 0 0 0 0 0 0 0 0 1 2 2 3 3 5 5 7 6 4 2 2 0 0 0 0 0 0 0 0 0 0 0 0 0 0 0 0 0 0 0 0 0 0 0 0 0 0 0 0 0 0 0 0 19 22 23 24 24 25 25 25 25 25 25 25 25 25 24 23 20 0 0 0 0 0 0 15 0 0 0 0 0 0 0 0 0 0 0 0 0 0 0 0 0 0 0 0 0 0 0 0 0 0 0 0 0 
o
11 8 7 6 4 3 3 3 2 1 1 1 0 0 0 0 0 0 0 1 1 1 2 3 3 3 4 6 7 8 11 8 7 4 3 3 2 1 0 0 0 0 0 0 0 0 0 0 0 0 0 0 0 1 2 3 3 4 7 8 10 7 6 5 3 2 2 2 1 0 0 0 0 0 0 0 0 0 0 0 0 0 1 2 2 2 3 5 6 7 12 9 8 5 4 4 3 2 1 1 1 0 0 0 0 0 0 0 0 0 1 1 1 2 3 4 4 5 8 9 
p
1 1 1 1 1 1 4 3 3 2 2 1 1 0 0 0 0 0 0 0 0 1 2 2 2 3 4 4 5 6 9 8 5 4 2 1 0 0 0 0 0 0 0 0 0 0 0 1 2 3 4 6 9 24 24 24 24 24 24 24 0 0 0 0 0 0 10 10 9 8 8 8 8 7 7 7 7 7 7 7 7 8 8 8 9 9 10 11 12 13 13 0 0 0 0 0 0 0 0 0 0 0 0 0 0 0 0 0 0 0 0 0 0 0 0 0 0 0 0 0 
q
8 6 5 4 4 3 2 2 2 1 0 0 0 0 0 0 0 0 1 1 2 2 3 3 4 1 1 1 1 1 12 0 0 0 0 0 0 0 0 0 0 0 0 0 0 0 0 0 0 0 0 0 0 0 0 0 0 0 0 0 15 13 12 11 10 9 9 8 8 8 7 7 7 7 7 7 7 7 8 8 8 8 9 10 10 0 0 0 0 0 10 9 6 5 3 2 1 1 0 0 0 0 0 0 0 1 1 2 3 4 5 7 10 25 25 25 25 25 25 25 
r
1 1 1 1 1 1 1 1 1 5 4 4 3 3 2 2 2 1 1 0 0 0 0 0 0 0 0 0 0 0 0 0 0 0 0 13 16 17 18 20 20 20 21 21 21 21 21 21 21 21 21 21 21 21 21 21 21 21 21 21 0 0 0 0 0 0 0 0 0 18 21 21 22 23 24 24 24 25 25 25 25 25 25 25 25 25 25 25 25 25 19 0 0 0 0 0 0 0 0 0 0 0 0 0 0 0 0 0 0 0 0 0 0 0 0 0 0 0 0 0 
s
6 5 4 3 3 2 2 1 1 1 0 0 0 0 0 0 0 0 0 0 0 0 0 1 1 1 2 2 3 18 7 4 2 1 1 1 1 23 23 23 22 21 17 12 6 4 2 1 0 0 0 0 0 0 0 0 1 2 5 6 2 1 1 1 0 0 0 0 0 0 0 0 0 0 0 0 0 0 0 0 0 0 0 0 1 2 2 2 3 4 10 7 5 3 2 1 0 0 0 0 0 0 1 2 4 6 8 17 20 23 23 24 24 24 0 0 0 0 1 4 
t
7 7 7 7 7 7 0 0 0 0 0 0 0 0 7 7 7 7 7 7 7 7 7 7 7 7 7 7 7 7 16 16 16 16 16 16 16 0 0 0 16 16 16 16 16 16 16 16 16 16 16 16 16 16 16 15 13 0 0 0 20 20 20 20 20 20 4 2 2 1 1 1 0 0 0 0 0 0 0 0 0 0 0 0 0 0 0 0 0 0 6 6 6 6 6 6 6 0 0 0 6 6 6 6 6 6 6 6 6 6 6 6 6 6 6 6 7 7 9 12 
u
0 0 0 0 0 0 0 21 24 25 25 25 26 26 26 26 26 25 25 25 25 24 23 20 0 0 0 0 0 0 0 0 0 0 0 0 0 0 0 0 0 0 0 0 0 0 0 0 0 0 0 0 0 0 0 0 0 0 0 0 7 5 4 2 2 1 1 0 0 0 0 0 0 0 0 0 0 0 0 1 1 2 2 4 0 0 0 0 0 0 0 0 0 0 0 0 0 0 0 0 0 0 0 0 0 0 0 0 0 0 0 0 0 1 1 2 3 3 5 7 
v
0 0 0 0 0 0 3 5 6 11 13 15 19 21 22 25 22 21 17 15 13 9 6 5 0 0 0 0 0 0 0 0 0 0 1 1 2 2 3 3 3 4 4 4 5 6 6 6 6 6 7 8 8 9 9 9 9 10 10 11 28 26 24 21 19 16 13 10 9 5 3 1 0 0 0 0 0 0 0 1 3 7 9 10 15 16 19 22 24 26 0 0 1 1 2 2 3 3 3 4 4 5 5 5 6 6 6 7 7 7 8 9 9 9 9 10 10 11 11 12 
w
0 0 0 0 2 8 14 17 22 20 15 9 3 0 0 0 0 0 6 9 15 20 22 17 11 8 2 0 0 0 0 0 0 0 0 0 1 1 1 1 1 2 2 2 2 2 3 3 3 3 3 3 4 4 4 4 4 4 5 5 27 24 19 14 8 2 0 0 0 0 0 5 10 13 19 24 19 13 8 5 0 0 0 0 0 2 8 14 19 24 0 0 0 1 1 1 2 2 2 2 2 3 3 3 3 3 4 4 4 4 4 4 5 5 5 5 5 5 6 6 
x
30 0 0 0 0 0 0 0 2 3 5 6 8 9 10 11 10 9 7 6 5 3 2 0 0 0 0 0 0 0 0 1 2 3 3 4 5 6 6 7 8 9 9 10 12 12 11 9 9 9 7 6 6 5 4 3 3 2 1 0 30 0 0 0 0 0 0 1 2 4 5 6 8 9 10 10 10 8 7 5 5 2 2 1 0 0 0 0 0 0 1 2 3 3 4 5 6 6 7 8 9 10 10 11 12 12 11 10 9 9 8 7 6 6 5 4 3 3 2 1 
y
0 0 0 0 0 0 2 3 4 7 8 10 13 14 15 17 16 14 12 10 9 6 5 4 0 0 0 0 0 0 0 0 0 1 2 3 3 3 4 5 6 6 6 7 8 8 9 9 10 11 11 12 12 12 13 14 15 15 16 18 28 27 26 0 0 0 0 0 0 0 0 0 1 1 2 4 5 6 9 11 12 14 16 17 20 21 22 25 26 27 0 0 1 2 3 3 4 4 5 6 6 6 7 8 9 9 10 10 11 12 12 12 12 12 12 11 9 3 3 3 
z
25 0 0 0 0 0 0 0 0 0 0 0 0 0 0 0 0 0 0 0 0 0 0 0 0 0 0 0 0 0 0 0 0 0 0 0 1 2 3 4 5 7 8 9 10 10 11 13 14 14 16 17 19 19 20 21 22 0 0 0 0 0 0 0 0 0 0 0 0 0 0 0 0 0 0 0 0 0 0 0 0 0 0 0 0 0 0 0 0 0 1 1 1 1 23 22 20 20 20 18 17 15 15 14 12 11 10 10 9 8 6 5 4 3 2 0 0 0 0 0 
0
11 9 7 6 4 3 3 2 2 1 1 0 0 0 0 0 0 0 0 0 1 2 2 2 3 4 4 6 7 9 10 9 6 5 3 3 2 1 1 0 0 0 0 0 0 0 0 0 0 0 0 0 1 2 3 3 3 5 6 9 11 9 7 6 3 3 2 1 1 1 0 0 0 0 0 0 0 0 0 0 0 1 1 1 2 3 3 6 7 8 11 9 7 5 4 4 3 2 2 1 1 0 0 0 0 0 0 0 0 1 1 2 2 3 4 4 4 6 7 10 
1
28 28 7 7 7 6 6 6 5 5 4 3 3 2 1 0 0 0 1 28 28 28 28 28 28 28 28 28 28 28 12 11 11 11 12 12 12 12 12 12 12 12 12 12 12 12 12 12 12 12 12 12 12 12 12 12 12 12 0 0 0 0 0 0 0 0 0 0 0 0 0 0 0 0 0 0 0 0 0 0 0 0 0 0 0 0 0 0 0 0 15 14 13 11 10 8 5 2 2 2 2 13 13 13 13 13 13 13 13 13 13 13 13 13 13 13 13 13 0 0 
2
8 6 5 5 4 3 2 2 2 1 1 0 0 0 0 0 0 0 0 0 0 1 1 2 2 2 3 4 5 6 9 7 4 3 2 1 0 0 0 0 0 0 0 1 2 3 4 5 7 8 10 12 14 15 17 19 21 0 0 0 0 0 0 0 0 0 0 0 0 0 0 0 0 0 0 0 0 0 0 0 0 0 0 0 0 0 0 0 0 0 11 9 6 5 4 2 1 1 0 2 25 25 24 23 22 21 20 18 17 15 13 11 9 8 6 4 2 0 0 0 
3
23 23 6 5 3 3 2 2 2 1 1 0 0 0 0 0 0 0 0 0 0 1 1 2 2 3 3 4 6 18 9 7 5 3 2 2 1 1 1 1 2 3 3 4 7 5 3 1 0 0 0 0 0 0 0 1 1 3 5 8 6 5 4 3 2 2 1 1 1 0 0 0 0 0 0 0 0 0 0 0 0 0 1 1 1 2 2 3 3 5 11 9 6 4 4 3 2 4 24 24 24 22 20 17 10 10 19 23 24 24 25 25 4 0 1 2 3 4 6 9 
4
21 20 20 18 17 16 14 13 13 11 10 8 7 6 5 4 3 1 0 0 0 0 0 0 21 21 21 21 21 21 6 6 6 6 6 6 6 6 6 6 6 6 6 6 6 6 6 6 6 6 6 0 0 0 6 6 6 6 6 6 6 6 6 6 6 6 6 6 6 6 6 6 6 6 6 6 6 6 6 6 0 0 0 0 6 6 6 6 6 6 18 17 17 16 15 14 13 12 11 11 10 9 9 7 6 6 5 4 3 3 1 0 0 0 20 20 20 20 20 20 
5
23 23 9 1 0 0 0 0 0 0 0 0 0 0 0 0 0 0 0 0 0 0 0 0 0 0 0 15 15 16 3 3 3 3 23 23 23 23 23 23 11 7 4 3 3 1 0 0 0 0 0 0 0 0 1 2 3 4 6 9 5 4 3 3 2 1 1 1 0 0 0 0 0 0 0 0 0 0 0 0 0 1 1 1 2 2 3 4 5 6 4 3 3 3 3 3 3 3 3 2 2 2 2 2 2 2 2 24 25 25 25 25 25 0 0 1 2 4 5 8 
6
14 10 8 7 5 4 3 2 2 2 1 1 0 0 0 0 0 0 0 0 0 0 1 1 2 2 3 4 5 6 8 6 4 3 2 1 0 4 23 23 23 8 5 4 3 2 1 0 0 0 0 0 0 0 1 2 3 3 6 8 11 9 7 6 3 3 2 1 1 1 0 0 0 0 0 0 0 0 0 0 0 0 1 1 2 2 2 4 5 6 12 10 7 6 5 4 4 3 2 2 1 1 1 1 0 0 0 0 0 1 1 2 2 3 4 4 4 6 7 10 
7
1 0 0 0 0 0 0 0 0 0 0 0 0 0 0 0 0 0 0 0 0 0 0 0 0 0 0 0 0 0 0 0 0 0 1 2 4 5 6 6 7 8 9 10 11 11 12 12 12 12 13 14 14 14 14 15 15 15 15 15 26 26 26 26 26 26 26 26 26 0 0 0 0 0 0 5 9 10 14 16 17 18 19 20 22 23 24 24 25 26 1 0 0 0 24 23 21 20 19 18 18 17 16 15 14 13 13 12 12 12 11 11 10 10 10 9 9 9 9 9 
8
20 19 6 4 3 3 2 2 1 1 0 0 0 0 0 0 0 0 0 0 0 1 1 2 2 3 3 5 19 19 9 7 5 3 3 2 2 2 2 2 3 3 5 6 9 6 4 2 2 0 0 0 0 0 0 1 2 3 5 8 5 4 3 2 2 1 1 1 1 0 0 0 0 0 0 0 0 0 0 0 0 0 1 1 1 2 2 3 4 5 10 8 6 4 3 3 2 2 2 2 3 3 5 6 8 7 4 3 2 1 0 0 0 0 0 1 2 3 5 9 
9
8 7 6 4 3 3 2 2 1 1 0 0 0 0 0 0 0 0 0 0 1 2 2 2 3 3 4 6 7 9 10 9 6 4 3 3 2 1 1 0 0 0 0 0 0 0 0 0 0 0 1 1 1 2 3 3 4 6 7 10 18 16 4 3 2 1 1 1 0 0 0 0 0 0 0 0 0 0 0 0 1 1 1 2 3 3 4 6 7 10 10 8 6 4 3 3 2 1 0 0 0 0 1 1 2 3 4 6 7 10 24 24 24 23 2 2 3 4 5 8 
<
14 13 13 12 12 11 11 10 10 10 10 9 9 8 8 7 7 6 5 5 5 4 3 3 2 2 1 1 0 0 0 0 0 0 0 2 4 6 8 10 14 16 17 20 21 23 21 19 17 15 12 9 8 5 4 1 0 0 0 0 13 13 12 12 11 10 10 10 10 9 9 9 8 7 7 6 6 6 5 4 4 3 3 2 2 1 0 0 0 0 28 26 24 22 21 18 17 15 13 11 7 5 3 1 0 0 0 2 4 5 9 12 13 15 18 19 21 23 25 26 
>
0 0 0 1 1 2 2 3 3 4 5 5 6 6 7 7 8 8 9 9 10 10 10 10 11 11 12 13 13 13 27 25 23 21 20 18 16 14 12 10 6 4 3 0 0 0 0 1 3 4 8 11 12 14 17 18 20 22 24 25 0 0 0 0 0 1 2 2 3 3 4 4 5 6 6 6 7 7 8 9 9 9 10 10 10 10 11 12 12 13 0 0 0 0 0 2 5 6 9 10 14 17 18 21 22 24 22 20 18 16 12 10 8 6 4 2 0 0 0 0 
|
1 1 1 1 1 1 0 0 0 0 0 0 0 0 0 0 0 0 0 0 0 0 0 0 0 0 0 0 0 0 0 0 0 0 0 0 0 0 0 0 0 0 0 0 0 0 0 0 0 0 0 0 0 0 0 0 0 0 0 0 0 0 0 0 0 0 0 0 0 0 0 0 0 0 0 0 0 0 0 0 0 0 0 0 0 0 0 0 0 0 6 0 0 0 0 0 0 0 0 0 0 0 0 0 0 0 0 0 0 0 0 0 0 0 0 0 0 0 0 0 
+
14 14 14 14 14 14 14 14 14 14 14 14 14 14 0 0 0 14 14 14 14 14 14 14 14 14 14 14 14 14 13 13 13 13 13 13 13 13 13 13 13 13 13 13 0 0 0 13 13 13 13 13 13 13 13 13 13 13 13 13 13 13 13 13 13 13 13 13 13 13 13 13 13 13 0 0 0 13 13 13 13 13 13 13 13 13 13 13 13 13 14 14 14 14 14 14 14 14 14 14 14 14 14 14 0 0 0 14 14 14 14 14 14 14 14 14 14 14 14 14 
-
0 0 0 0 0 0 0 0 0 0 0 0 0 0 0 0 0 0 0 0 0 0 0 0 0 0 0 0 0 0 0 0 0 0 0 0 0 0 0 0 0 0 0 0 0 0 0 0 0 0 0 0 0 0 0 0 0 0 0 0 0 0 0 0 0 0 0 0 0 0 0 0 0 0 0 0 0 0 0 0 0 0 0 0 0 0 0 0 0 0 0 0 0 0 0 0 0 0 0 0 0 0 0 0 0 0 0 0 0 0 0 0 0 0 0 0 0 0 0 0 
*
9 9 7 7 7 8 9 9 10 11 11 12 12 1 0 0 0 0 13 12 11 11 10 9 9 8 7 7 7 8 12 12 12 12 12 12 12 1 0 0 0 1 3 5 7 11 9 7 5 3 1 0 0 1 1 12 12 12 12 12 7 7 5 5 6 6 7 7 8 9 9 10 11 0 0 0 0 0 11 10 10 9 8 8 7 6 6 5 5 7 14 13 13 13 14 14 14 2 2 0 0 2 4 6 8 12 10 8 6 4 2 0 0 2 2 14 14 13 13 13 
/
29 28 27 26 25 24 23 22 21 20 18 17 16 15 14 12 11 10 9 8 6 5 4 3 2 0 0 0 0 0 0 0 1 2 3 4 5 5 6 7 8 9 10 11 12 13 14 15 15 16 17 18 19 20 20 21 22 23 24 25 0 0 0 0 0 1 2 3 4 5 7 8 9 10 11 13 14 15 16 17 18 19 20 21 22 24 25 26 27 28 25 25 24 23 22 21 20 20 19 18 17 16 15 15 14 13 12 11 10 10 9 8 7 6 5 4 3 2 1 0 
(
11 11 9 9 7 7 6 6 6 6 5 5 4 4 3 3 2 2 1 1 1 1 0 0 0 0 0 0 0 0 0 2 4 6 8 10 12 14 16 16 16 18 18 18 18 18 18 18 18 18 16 16 16 14 12 10 8 6 4 2 10 10 8 8 6 6 5 5 4 4 3 3 2 2 2 2 1 1 0 0 0 0 0 0 0 0 0 0 29 29 22 18 16 14 12 10 6 4 4 2 2 0 0 0 0 0 0 0 0 0 2 2 4 4 6 8 10 12 16 18 
)
0 0 0 0 0 0 0 0 1 1 2 2 2 2 3 3 4 4 5 5 6 6 7 7 8 8 10 10 12 12 22 20 16 14 12 10 8 6 4 4 2 2 0 0 0 0 0 0 0 2 2 4 4 6 8 10 12 14 16 18 29 29 0 0 0 0 0 0 0 0 0 0 1 1 2 2 3 3 4 4 5 5 6 6 7 7 9 9 11 11 0 2 4 6 8 10 12 14 14 16 16 16 18 18 18 18 18 18 18 16 16 16 14 12 10 10 8 6 4 2 
[
0 0 0 0 0 0 0 0 0 0 0 0 0 0 0 0 0 0 0 0 0 0 0 0 0 0 0 0 0 0 0 0 0 18 18 18 18 18 18 18 18 18 18 18 18 18 18 18 18 18 18 18 18 18 18 18 18 18 18 0 0 0 0 0 0 0 0 0 0 0 0 0 0 0 0 0 0 0 0 0 0 0 0 0 0 0 0 0 0 0 0 0 0 0 0 0 0 0 0 0 0 0 0 0 0 0 0 0 0 0 0 0 0 0 0 0 0 0 0 0 
]
0 0 0 0 0 0 0 0 0 0 0 0 0 0 0 0 0 0 0 0 0 0 0 0 0 0 0 0 0 0 0 0 0 0 0 0 0 0 0 0 0 0 0 0 0 0 0 0 0 0 0 0 0 0 0 0 0 0 0 0 0 0 0 0 0 0 0 0 0 0 0 0 0 0 0 0 0 0 0 0 0 0 0 0 0 0 0 0 0 0 0 0 0 19 19 19 19 19 19 19 19 19 19 19 19 19 19 19 19 19 19 19 19 19 19 19 19 19 19 0 
{
14 14 14 14 14 13 13 13 13 12 3 3 2 2 1 1 1 0 0 0 0 0 0 0 0 0 0 0 0 0 0 0 0 8 10 10 10 10 10 10 10 10 11 13 15 18 15 13 10 10 10 10 10 10 10 10 10 8 0 0 13 13 13 13 13 13 13 12 12 12 2 2 1 1 0 0 0 0 0 0 0 0 0 0 0 0 0 0 0 0 17 14 12 10 10 10 10 10 10 10 10 10 9 5 0 0 0 7 10 10 10 10 10 10 10 10 10 10 12 14 
}
0 0 0 0 0 0 0 0 0 0 0 0 0 0 1 1 1 2 2 3 12 12 13 13 13 14 14 14 14 14 16 13 11 10 10 10 10 10 10 10 10 10 8 5 0 0 0 6 8 10 10 10 10 10 10 10 10 10 11 13 0 0 0 0 0 0 0 0 0 0 0 0 0 0 0 0 0 1 1 2 11 11 12 12 13 13 13 13 13 13 0 0 2 10 10 10 10 10 10 10 10 10 12 14 17 19 15 14 12 10 10 10 10 10 10 10 10 10 0 0 
?
8 6 5 4 3 3 2 2 1 1 1 0 0 0 0 0 0 0 0 0 0 1 1 1 2 2 3 3 4 5 9 6 4 2 1 0 0 0 0 0 0 0 1 2 4 6 7 11 12 12 13 13 13 30 30 30 12 12 12 12 21 21 20 20 20 20 23 24 24 25 25 0 0 0 0 0 0 0 12 13 13 13 13 14 15 15 16 16 17 18 11 8 6 4 3 2 1 1 0 2 24 23 22 20 18 15 14 12 12 12 12 12 12 30 30 30 11 11 11 11 
$
21 9 7 7 6 5 5 4 4 4 4 4 4 1 0 0 0 3 4 4 4 4 4 4 5 5 6 6 7 18 13 13 13 12 6 4 2 1 1 13 13 13 13 13 7 4 2 1 0 0 0 0 0 1 3 5 9 13 13 13 8 7 6 6 5 4 4 4 4 3 3 3 3 0 0 0 0 3 3 3 3 4 4 4 4 5 5 6 6 7 14 13 13 13 7 5 4 2 2 1 2 2 3 4 6 10 14 14 14 14 2 0 1 2 4 5 9 13 13 13 
%
5 3 2 2 0 0 0 0 0 0 2 2 3 15 15 12 11 10 8 6 5 3 2 0 0 0 16 16 17 19 4 4 4 5 6 6 7 8 9 9 10 11 11 12 12 4 2 1 1 0 0 0 0 0 0 0 0 1 2 3 19 18 16 15 0 0 0 0 2 3 5 6 7 10 10 13 14 5 2 1 1 0 0 0 0 0 0 1 2 3 4 4 2 1 1 0 0 0 0 0 0 1 2 2 3 6 13 12 12 11 10 10 9 8 8 7 7 5 5 4 
&
20 18 16 16 15 15 3 3 2 1 0 0 0 0 0 0 0 1 2 3 3 23 22 20 19 15 14 14 14 27 13 12 11 9 9 9 9 9 9 9 10 11 13 14 1 1 1 1 1 2 3 3 4 5 6 6 5 0 0 0 6 5 3 2 1 1 1 0 0 0 0 0 0 0 0 0 0 1 1 2 2 2 1 1 0 0 0 0 0 0 10 9 8 6 6 6 6 6 6 7 8 8 9 8 6 4 2 2 1 1 0 0 0 0 1 2 2 3 4 7 
#
19 19 9 9 9 9 9 9 9 9 3 1 0 0 0 9 9 9 9 9 9 7 3 1 0 0 0 9 9 9 3 3 3 3 3 4 4 4 5 0 0 0 6 6 6 6 6 7 7 1 1 1 9 9 9 10 10 10 10 10 8 8 8 8 0 0 0 0 2 5 9 9 9 9 9 9 0 0 0 0 5 8 8 8 8 8 8 8 8 18 12 11 11 10 10 10 10 10 10 2 2 2 9 8 8 8 7 7 7 0 0 0 6 6 5 5 5 5 4 4 
ä
21 20 20 10 9 9 0 0 0 0 0 0 0 8 8 8 8 8 8 0 0 0 0 0 0 0 10 11 12 13 4 4 4 4 4 30 30 30 10 6 3 2 1 0 0 0 0 0 0 0 0 0 0 0 0 0 0 0 0 0 4 3 2 2 1 1 0 0 0 0 0 0 0 0 0 0 0 0 0 1 1 1 2 2 0 0 0 0 0 0 6 6 6 6 6 30 30 30 10 4 3 3 3 24 24 24 24 7 5 3 1 0 0 0 0 0 1 2 4 6 
ö
16 14 13 12 11 10 10 0 0 0 0 0 0 8 8 8 8 8 8 0 0 0 0 0 0 10 11 12 13 14 5 5 5 5 5 30 30 30 11 7 4 3 2 1 0 0 0 0 0 0 0 0 0 0 0 1 3 3 5 8 7 5 4 4 2 2 1 1 1 0 0 0 0 0 0 0 0 0 0 0 0 0 1 1 1 2 2 4 4 5 7 7 7 7 7 30 30 30 12 8 5 4 3 2 1 1 0 0 0 0 0 0 0 1 1 2 4 4 6 9 
ü
9 9 9 9 9 9 0 0 0 0 0 0 0 27 27 27 27 27 27 0 0 0 0 0 0 0 9 9 9 9 4 4 4 4 4 30 30 30 30 0 0 0 0 0 0 0 0 0 0 0 0 0 0 0 0 0 0 0 0 0 5 3 3 2 1 1 1 0 0 0 0 0 0 0 0 0 0 0 0 1 1 1 2 3 0 0 0 0 0 0 6 6 6 6 6 30 30 30 30 0 0 0 0 0 0 0 0 0 0 0 0 0 0 0 0 1 1 3 4 7 
ß
6 5 4 3 3 2 2 1 1 0 0 0 0 0 0 0 0 0 1 1 2 2 3 3 4 5 19 20 20 21 12 10 8 6 5 4 4 4 4 6 10 12 12 12 12 11 10 8 5 3 1 0 0 0 0 0 0 1 3 5 0 0 0 0 0 0 23 24 25 1 0 0 0 0 0 0 0 0 0 0 0 0 0 0 0 1 1 2 2 3 9 7 5 3 2 1 0 0 0 0 0 0 0 0 0 0 0 0 0 0 0 0 0 0 0 0 0 0 0 0 
吴
18 18 19 12 13 13 13 0 0 0 0 0 0 0 0 0 0 0 0 0 0 0 0 0 0 12 12 12 18 18 5 5 5 5 5 5 5 5 5 5 30 30 2 2 2 14 14 14 0 0 0 12 10 9 7 5 1 0 0 1 2 0 0 0 0 0 1 1 2 2 3 4 4 5 6 8 7 6 5 4 4 3 2 2 1 1 0 0 0 1 7 7 7 7 7 7 7 7 7 7 30 30 3 3 3 14 14 14 0 0 0 13 12 11 10 8 5 0 1 1 
传
30 16 14 14 12 10 8 6 0 1 1 1 5 6 6 6 6 6 4 1 1 1 6 6 6 6 5 5 5 12 21 8 8 8 9 1 1 1 10 10 11 11 0 0 12 13 13 2 2 2 3 4 5 6 7 8 7 6 5 6 30 12 11 12 13 0 0 0 20 22 16 16 16 10 5 5 4 4 3 3 2 1 0 0 1 8 9 10 16 16 8 8 8 8 8 8 7 7 6 6 5 5 4 4 2 2 1 1 2 6 6 6 6 6 6 6 6 6 5 5 
人
30 27 27 26 25 25 24 23 22 20 18 16 14 0 0 0 0 11 15 17 19 20 21 22 23 24 25 26 26 27 13 13 13 13 13 13 13 13 13 13 13 12 12 12 12 11 11 10 10 9 8 7 6 5 4 3 1 0 0 1 30 0 0 0 0 1 2 3 4 5 6 8 9 12 14 16 14 12 9 8 6 5 4 3 2 2 1 0 0 1 13 14 14 14 14 14 14 14 13 13 13 13 13 13 12 12 11 11 10 10 9 9 8 7 6 4 3 1 1 1 
